149.874,9157.65
152.598,8578.95
155.320,8117.55
158.043,7616.85
160.764,7211.65
163.484,6734.8
166.204,6397.5
168.922,6144
171.640,5809.85
174.357,5566.8
177.073,5358.1
179.789,5195.9
182.503,5048.75
185.217,4908.25
187.930,4868.8
190.642,4883.75
193.353,4831.1
196.063,4911.9
198.772,5053.9
201.481,5203.9
204.189,5587.25
206.896,6111.75
209.602,6952.25
212.307,8021.7
215.011,9411.55
217.715,10833.55
220.417,11740.5
223.119,12136.55
225.820,11622.75
228.520,10500.2
231.220,9094.55
233.918,7693.4
236.616,6505.4
239.313,5618.75
242.009,5004.9
244.704,4499.9
247.398,4219.75
250.092,3956.85
252.784,3748.6
255.476,3606.05
258.167,3488.75
260.857,3408.65
263.546,3324.35
266.235,3275.4
268.922,3226.1
271.609,3179.45
274.295,3140.55
276.980,3123.95
279.665,3106.1
282.348,3102.25
285.031,3107.45
287.713,3098.55
290.394,3062.95
293.074,3112.25
295.753,3114.1
298.432,3099.65
301.109,3106.4
303.786,3117.85
306.462,3118.85
309.137,3129.6
311.812,3154.7
314.485,3162.8
317.158,3155.95
319.830,3154.8
322.501,3171.6
325.171,3210.9
327.840,3233.55
330.509,3290.65
333.177,3335.15
335.844,3381
338.510,3499.35
341.175,3649.8
343.839,3895.85
346.503,4173.95
349.166,4303.35
351.828,4378
354.489,4281.75
357.149,4080.7
359.809,3846.3
362.468,3653.1
365.126,3553.8
367.783,3514.1
370.439,3509.7
373.094,3478.25
375.749,3424.45
378.403,3484.45
381.056,3459.65
383.708,3496.65
386.359,3471.55
389.010,3485.7
391.660,3514.05
394.309,3548.2
396.957,3529.1
399.604,3572.5
402.250,3600.6
404.896,3635.95
407.541,3677.2
410.185,3695.85
412.828,3679.8
415.471,3677.3
418.112,3679.15
420.753,3660.35
423.393,3627.5
426.032,3606.05
428.670,3623.3
431.308,3632.55
433.945,3624.15
436.581,3627.85
439.216,3625
441.850,3595.65
444.483,3609.25
447.116,3605.15
449.748,3614
452.379,3558.8
455.009,3583.5
457.639,3613.3
460.267,3649.05
462.895,3743.85
465.522,3899.3
468.149,3966.3
470.774,3888.15
473.399,3818
476.022,3674.45
478.645,3490.6
481.268,3405.75
483.889,3384.8
486.510,3367.1
489.130,3411.05
491.749,3409.5
494.367,3399
496.984,3375.1
499.601,3268.25
502.217,3183.45
504.832,3070.9
507.446,2988.8
510.059,2985.55
512.672,3142.2
515.284,3531.75
517.895,4682.8
520.505,7818
523.114,9774.55
525.723,9983.3
528.331,9556.1
530.938,8151.05
533.544,4969.85
536.149,3117.3
538.754,2512.1
541.358,2206.45
543.961,1983.9
546.563,1850.7
549.165,1771.3
551.765,1717.35
554.365,1645.95
556.964,1613
559.563,1574.25
562.160,1544.05
564.757,1509.25
567.353,1484.3
569.948,1476.5
572.542,1463.65
575.136,1461.25
577.728,1430.9
580.320,1454.6
582.912,1461.1
585.502,1440.15
588.092,1470.95
590.680,1478.8
593.268,1500.85
595.856,1534.2
598.442,1560.8
601.028,1622.45
603.613,1673.55
606.197,1746
608.780,1845.2
611.362,2010.8
613.944,2261.3
616.525,2670.95
619.105,3395.6
621.685,4263.05
624.263,4895.1
626.841,5014.15
629.418,4710.4
631.994,4056.4
634.570,3152.4
637.145,2462.55
639.718,2001.2
642.292,1732.35
644.864,1578.15
647.436,1463.1
650.006,1400.05
652.576,1338.1
655.146,1314.6
657.714,1273.5
660.282,1257.35
662.849,1239.9
665.415,1233.45
667.980,1204.35
670.545,1195.15
673.108,1195.7
675.671,1211.75
678.234,1198.2
680.795,1194.5
683.356,1201.4
685.916,1201.05
688.475,1202.35
691.033,1223.75
693.591,1233.15
696.147,1240
698.703,1253.55
701.259,1236.8
703.813,1250.35
706.367,1236.45
708.920,1233.85
711.472,1239.3
714.023,1255.7
716.574,1246.4
719.124,1269.55
721.673,1333
724.221,1416.55
726.769,1539.05
729.316,1693.8
731.862,1817.15
734.407,1859.3
736.951,1819.6
739.495,1723.95
742.038,1570
744.580,1447.45
747.122,1366.35
749.662,1332.05
752.202,1314.4
754.741,1309.1
757.279,1326.4
759.817,1337.25
762.354,1355.1
764.890,1400.3
767.425,1451.15
769.960,1539.15
772.493,1685.15
775.026,1941.8
777.559,2568.05
780.090,4081.1
782.621,8174.55
785.151,18738.7
787.680,23261.75
790.208,23235.3
792.736,22100.1
795.263,17319.95
797.789,7701.85
800.314,3780.95
802.839,2919.7
805.363,2731.45
807.886,2753.95
810.408,2850.55
812.930,2877.75
815.451,2810.7
817.971,2612.95
820.490,2334.3
823.009,2077.3
825.526,1869.7
828.044,1737.9
830.560,1690.05
833.075,1711.65
835.590,1721.2
838.104,1785.1
840.617,1856
843.130,1943.65
845.642,1948
848.153,1910
850.663,1789.2
853.172,1652.9
855.681,1528.35
858.189,1419.45
860.696,1340.45
863.203,1293.25
865.709,1264.35
868.214,1241.65
870.718,1220.8
873.221,1202
875.724,1196.15
878.226,1203.35
880.727,1209.4
883.228,1212.85
885.728,1211.7
888.227,1242.2
890.725,1300.8
893.222,1376.45
895.719,1465.85
898.215,1485.55
900.710,1484.6
903.205,1446.8
905.699,1359.8
908.192,1279.9
910.684,1233.25
913.176,1202.75
915.666,1181.55
918.156,1181.75
920.646,1151.2
923.134,1167.8
925.622,1155.25
928.109,1146.75
930.595,1182.3
933.081,1173.25
935.566,1176.65
938.050,1185.35
940.533,1170.5
943.016,1172.95
945.498,1175.3
947.979,1175.45
950.459,1181.25
952.939,1203.8
955.418,1232.05
957.896,1245.9
960.374,1289.75
962.850,1323.95
965.326,1413.4
967.802,1483.25
970.276,1570.95
972.750,1624.25
975.223,1689.6
977.695,1734.95
980.167,1773.75
982.638,1818.6
985.108,1961.6
987.577,2313.95
990.046,2877.9
992.513,3384.3
994.981,4002.5
997.447,5604.35
999.913,14243.5
1002.378,34085.1
1004.842,37948.65
1007.305,37871
1009.768,35984.75
1012.230,25176.6
1014.691,8091.05
1017.152,3762.5
1019.612,2841
1022.071,2630.25
1024.529,3053.1
1026.987,5701.5
1029.444,11033.85
1031.900,11889.35
1034.355,11805.1
1036.810,11132.35
1039.264,7859.95
1041.717,3350.3
1044.170,2176
1046.622,1884.65
1049.073,1737.75
1051.523,1635.85
1053.973,1565.25
1056.422,1506.25
1058.870,1469.95
1061.317,1455.9
1063.764,1422.85
1066.210,1416.4
1068.655,1412.75
1071.100,1401.45
1073.544,1418.2
1075.987,1439.95
1078.429,1454.95
1080.871,1490.45
1083.312,1514.8
1085.752,1491.5
1088.191,1457.85
1090.630,1416.75
1093.068,1355.1
1095.505,1306.45
1097.942,1287.8
1100.378,1264.6
1102.813,1252.35
1105.248,1261.15
1107.681,1252.8
1110.114,1238.35
1112.547,1256.05
1114.978,1218.65
1117.409,1218.55
1119.839,1215
1122.269,1233.75
1124.697,1236.45
1127.125,1248.5
1129.552,1287.05
1131.979,1308.35
1134.405,1360.3
1136.830,1399.85
1139.254,1482.5
1141.678,1573.15
1144.101,1672.5
1146.523,1853.2
1148.945,2130.25
1151.366,2639.8
1153.786,3278.35
1156.205,3786.15
1158.624,4012.3
1161.042,3941.7
1163.459,3622.25
1165.876,3117.3
1168.291,2708.85
1170.707,2531.05
1173.121,2601.4
1175.535,2949.75
1177.948,3386.15
1180.360,3626.3
1182.772,3688.85
1185.182,3544.65
1187.593,3158.2
1190.002,2717.1
1192.411,2439.1
1194.819,2320.15
1197.226,2328.9
1199.633,2457.6
1202.039,2799.4
1204.444,3832.3
1206.848,6577.05
1209.252,10162.4
1211.655,11286
1214.058,11075.5
1216.459,9858.75
1218.860,6871.85
1221.261,3542.45
1223.660,2259.05
1226.059,1835.9
1228.457,1629.7
1230.855,1530.95
1233.251,1465
1235.647,1415.6
1238.043,1406.8
1240.437,1378.75
1242.831,1406.1
1245.225,1412.5
1247.617,1415.2
1250.009,1397.4
1252.400,1379.35
1254.790,1345.95
1257.180,1305.8
1259.569,1284.9
1261.958,1244.8
1264.345,1220.6
1266.732,1226.1
1269.118,1226
1271.504,1234.15
1273.889,1238.7
1276.273,1243.65
1278.656,1233.35
1281.039,1249.1
1283.421,1247.5
1285.802,1245.05
1288.183,1235.6
1290.563,1246.5
1292.942,1233.3
1295.321,1248.7
1297.699,1262.5
1300.076,1266.9
1302.452,1299.9
1304.828,1343.75
1307.203,1396.45
1309.578,1444.9
1311.951,1502.45
1314.324,1528.3
1316.697,1515.05
1319.068,1522.9
1321.439,1486.85
1323.810,1466.6
1326.179,1502.85
1328.548,1563.1
1330.916,1642.1
1333.284,1676
1335.650,1664.05
1338.017,1635.55
1340.382,1550.25
1342.747,1507.85
1345.111,1457.1
1347.474,1431.2
1349.837,1442.55
1352.199,1453.75
1354.560,1478.75
1356.920,1524.95
1359.280,1579.05
1361.640,1618.15
1363.998,1730.4
1366.356,1838.1
1368.713,2033.9
1371.070,2282.95
1373.425,2820.05
1375.780,3725.85
1378.135,4620.25
1380.489,5016.2
1382.842,5020.5
1385.194,4608.45
1387.546,3783.7
1389.897,2925.65
1392.247,2404.2
1394.597,2139
1396.946,1953.5
1399.294,1856.95
1401.641,1724.05
1403.988,1702.4
1406.335,1704.45
1408.680,1685.4
1411.025,1697.9
1413.369,1740.1
1415.713,1756.75
1418.055,1820.85
1420.398,1845.35
1422.739,1906.6
1425.080,1985.75
1427.420,2078.05
1429.759,2160.6
1432.098,2236.15
1434.436,2316.2
1436.773,2391.35
1439.110,2438.3
1441.446,2475.25
1443.781,2447.8
1446.116,2437.7
1448.450,2393.2
1450.783,2348.8
1453.116,2286.35
1455.448,2236
1457.779,2186.45
1460.110,2134
1462.440,2089
1464.769,2050.85
1467.098,2015.7
1469.426,1952
1471.753,1920.3
1474.080,1882.2
1476.405,1855.1
1478.731,1811.8
1481.055,1790.7
1483.379,1780.2
1485.702,1740.6
1488.025,1752.1
1490.347,1783.1
1492.668,1847.2
1494.989,1901.2
1497.308,1890.4
1499.628,1887.65
1501.946,1849.75
1504.264,1759.55
1506.581,1694.9
1508.898,1628.25
1511.213,1614.5
1513.529,1591.35
1515.843,1549.55
1518.157,1553.3
1520.470,1544.65
1522.783,1550.65
1525.095,1541.1
1527.406,1525.55
1529.716,1536.7
1532.026,1518.15
1534.335,1524.2
1536.644,1518.55
1538.952,1527.2
1541.259,1523.4
1543.565,1524.2
1545.871,1531.85
1548.176,1542.2
1550.481,1566.6
1552.785,1591.85
1555.088,1613.7
1557.390,1630.5
1559.692,1681.4
1561.993,1690.45
1564.294,1777.85
1566.594,1846.05
1568.893,1948.95
1571.192,2085.9
1573.490,2312.7
1575.787,2579.25
1578.083,2940.1
1580.379,3547.25
1582.675,4274.7
1584.969,4876.45
1587.263,5063.35
1589.556,5003.65
1591.849,4721.7
1594.141,4339.35
1596.432,4292.05
1598.723,4844.3
1601.013,5996.45
1603.302,7152.45
1605.591,7746.85
1607.879,7607.25
1610.166,6915.4
1612.453,5646.35
1614.739,4393.45
1617.024,3561.05
1619.309,3116.85
1621.593,2831.7
1623.877,2651.05
1626.160,2492.1
1628.442,2328
1630.723,2154.95
1633.004,1959.95
1635.284,1834.3
1637.564,1696.3
1639.842,1608
1642.121,1554.55
1644.398,1492.8
1646.675,1467.15
1648.951,1414.55
1651.227,1396.1
1653.502,1367.95
1655.776,1333.9
1658.050,1327.5
1660.323,1316.3
1662.595,1284.75
1664.867,1275.5
1667.138,1271.8
1669.408,1249.2
1671.678,1252.2
1673.947,1281.25
1676.215,1277.9
1678.483,1297.1
1680.750,1295.3
1683.017,1285.4
1685.283,1291.15
1687.548,1278.2
1689.813,1245.15
1692.076,1231.5
1694.340,1218.35
1696.602,1209.55
1698.864,1186.4
1701.126,1188.55
1703.386,1165.65
1705.646,1158.15
1707.906,1160.15
1710.165,1149
1712.423,1145
1714.680,1144.55
1716.937,1145.35
1719.193,1130.8
1721.449,1125.85
1723.703,1148.05
1725.958,1136.3
1728.211,1139.5
1730.464,1136.35
1732.717,1149.25
1734.968,1134.75
1737.219,1129.4
1739.470,1123.85
1741.719,1125.75
1743.969,1111.45
1746.217,1112.4
1748.465,1110.6
1750.712,1103.2
1752.959,1097.15
1755.205,1097.05
1757.450,1099.95
1759.695,1102.95
1761.939,1091.9
1764.182,1108
1766.425,1105
1768.667,1112.6
1770.908,1108.75
1773.149,1116.3
1775.389,1105.8
1777.629,1116.05
1779.868,1127.55
1782.106,1137.3
1784.343,1147.5
1786.580,1174.05
1788.817,1172
1791.053,1181.85
1793.288,1169.75
1795.522,1151.9
1797.756,1121.4
1799.989,1116.1
1802.222,1100.35
1804.454,1104.95
1806.685,1090.75
1808.916,1089.45
1811.146,1092.9
1813.375,1079.65
1815.604,1092.15
1817.832,1076.6
1820.059,1066.8
1822.286,1080.05
1824.512,1065.25
1826.738,1080.65
1828.963,1064.6
1831.187,1062.6
1833.411,1065.15
1835.634,1059.8
1837.857,1057.1
1840.079,1067.2
1842.300,1067.3
1844.520,1062.2
1846.740,1063.75
1848.960,1067.1
1851.178,1064.35
1853.396,1053.55
1855.614,1063.8
1857.831,1055.95
1860.047,1051.75
1862.262,1055.95
1864.477,1052.25
1866.692,1057.3
1868.905,1055.2
1871.118,1052.8
1873.331,1050.85
1875.542,1053
1877.754,1053.5
1879.964,1043.25
1882.174,1055.85
1884.383,1038.65
1886.592,1047.95
1888.800,1045.45
1891.008,1049.8
1893.214,1051.7
1895.421,1048.15
1897.626,1054.35
1899.831,1047
1902.035,1055.05
1904.239,1047.9
1906.442,1047.5
1908.645,1047.9
1910.847,1043.65
1913.048,1032.85
1915.248,1050.85
1917.448,1054.6
1919.648,1059.75
1921.846,1063.2
1924.045,1082.25
1926.242,1096.7
1928.439,1095.25
1930.635,1099.75
1932.831,1077.75
1935.026,1073.95
1937.220,1058.2
1939.414,1061.95
1941.607,1046.7
1943.800,1043.5
1945.992,1043.75
1948.183,1051.05
1950.374,1048.6
1952.564,1047.45
1954.753,1074.8
1956.942,1073.65
1959.131,1074.05
1961.318,1062.85
1963.505,1068.35
1965.692,1054.15
1967.877,1055.9
1970.063,1052.05
1972.247,1035.3
1974.431,1021.4
1976.614,1033.3
1978.797,1021.65
1980.979,1025.2
1983.161,1020.2
1985.342,1031.65
1987.522,1039.8
1989.702,1056.65
1991.881,1061.35
1994.059,1056.65
1996.237,1044.9
1998.414,1044
2000.591,1033.6
2002.767,1020.05
2004.942,1017.85
2007.117,1010
2009.291,1009.15
2011.465,1010.45
2013.638,1007.9
2015.810,999.2
2017.982,996.7
2020.153,1002.4
2022.323,992.65
2024.493,996.85
2026.663,1000.05
2028.831,990.8
2030.999,998.25
2033.167,1001.85
2035.334,1004.35
2037.500,986.35
2039.666,990.8
2041.831,983.2
2043.995,988.55
2046.159,976.35
2048.322,981.15
2050.485,987.45
2052.647,989.8
2054.808,995.05
2056.969,979.7
2059.130,991.25
2061.289,987.6
2063.448,967.7
2065.607,977.5
2067.764,974.15
2069.922,971.4
2072.078,973.9
2074.234,970.95
2076.390,984.5
2078.545,973.2
2080.699,976.85
2082.852,976.65
2085.005,975.75
2087.158,975.5
2089.310,968.25
2091.461,959.15
2093.611,970.45
2095.761,962.45
2097.911,969.45
2100.060,972.3
2102.208,956.45
2104.355,962.75
2106.502,960.65
2108.649,961.2
2110.795,967
2112.940,962.8
2115.085,962.5
2117.229,980.4
2119.372,977.9
2121.515,977.15
2123.657,977.75
2125.799,980.5
2127.940,977.35
2130.080,980.2
2132.220,973.95
2134.359,959.9
2136.498,961.4
2138.636,964.65
2140.774,967.2
2142.911,951.5
2145.047,968.25
2147.183,957.85
2149.318,955.45
2151.452,960.8
2153.586,949.95
2155.719,952.2
2157.852,963.85
2159.984,959.15
2162.116,960.75
2164.247,970.3
2166.377,956.3
2168.507,959.8
2170.636,949.65
2172.765,950.35
2174.893,962.55
2177.020,953.15
2179.147,947.55
2181.273,946.3
2183.399,947.65
2185.524,950.65
2187.648,948.75
2189.772,943.35
2191.896,958.2
2194.018,944.45
2196.140,954.55
2198.262,971.25
2200.383,968.85
2202.503,965.95
2204.623,983.25
2206.742,984.35
2208.861,977.4
2210.979,976.95
2213.096,968.35
2215.213,964.15
2217.329,949.4
2219.445,946.15
2221.560,946.2
2223.675,937.25
2225.789,967.05
2227.902,945.4
2230.015,949.6
2232.127,953.25
2234.238,958.7
2236.349,964.9
2238.460,972.3
2240.570,975.85
2242.679,961.5
2244.787,954.35
2246.896,965.75
2249.003,958.75
2251.110,955.8
2253.216,965.6
2255.322,965.1
2257.427,962.95
2259.532,965.25
2261.636,959.8
2263.739,946.05
2265.842,943.65
2267.944,952.45
2270.046,942.55
2272.147,938.5
2274.248,938.3
2276.348,937.6
2278.447,945.9
2280.546,949.9
2282.644,932.5
2284.742,938.4
2286.839,933.3
2288.935,931.35
2291.031,932.25
2293.127,933.5
2295.221,941.1
2297.316,946.25
2299.409,939
2301.502,945.9
2303.595,948.6
2305.686,957.6
2307.778,982.7
2309.869,997.2
2311.959,1012.05
2314.048,1009.35
2316.137,986.35
2318.226,977.55
2320.314,972.8
2322.401,960.65
2324.488,959.9
2326.574,944.95
2328.659,956.85
2330.744,948.4
2332.829,953.9
2334.912,952.85
2336.996,951.45
2339.078,953
2341.161,945.8
2343.242,943.5
2345.323,957.75
2347.404,949.35
2349.483,961.25
2351.563,966.35
2353.641,969.75
2355.719,979.6
2357.797,973.6
2359.874,977.7
2361.950,970.55
2364.026,954.4
2366.102,964.25
2368.176,961.3
2370.250,952.2
2372.324,971.2
2374.397,967.45
2376.470,961.1
2378.541,973.3
2380.613,959.4
2382.683,983.5
2384.754,1000.1
2386.823,1017.75
2388.892,1003.85
2390.961,996.9
2393.029,994.9
2395.096,999.45
2397.163,985.45
2399.229,986.55
2401.295,996.35
2403.360,991.15
2405.424,1000.95
2407.488,1014.95
2409.552,1031.3
2411.614,1029.5
2413.677,1060
2415.738,1054.75
2417.800,1050.65
2419.860,1055.65
2421.920,1051.95
2423.980,1053.75
2426.038,1073.55
2428.097,1093.85
2430.155,1106.15
2432.212,1114.65
2434.268,1105.8
2436.324,1071.9
2438.380,1043.1
2440.435,1007.75
2442.489,978.5
2444.543,973.15
2446.596,972.85
2448.649,962.9
2450.701,951
2452.753,964.4
2454.804,963.7
2456.854,981.65
2458.904,983.9
2460.954,986.05
2463.003,999.85
2465.051,1007
2467.099,996.7
2469.146,1007.35
2471.192,989.3
2473.238,977.55
2475.284,972
2477.329,977.3
2479.373,980.1
2481.417,972.8
2483.460,988.9
2485.503,982.65
2487.545,976.85
2489.586,980.6
2491.627,971.9
2493.668,949.35
2495.708,961.1
2497.747,947.25
2499.786,957.4
2501.824,943.7
2503.862,947.8
2505.899,962.85
2507.936,953.65
2509.972,963.3
2512.007,967.85
2514.042,965.35
2516.076,964.2
2518.110,976.75
2520.143,976.7
2522.176,983.55
2524.208,999.05
2526.240,1009.6
2528.271,1009.75
2530.301,1019.15
2532.331,1033.35
2534.361,1051.4
2536.390,1069.3
2538.418,1082.55
2540.446,1107.55
2542.473,1139.8
2544.500,1173.05
2546.526,1209.85
2548.551,1240.7
2550.576,1257.15
2552.601,1247.75
2554.625,1239.6
2556.648,1201.65
2558.671,1177.9
2560.693,1145.7
2562.715,1120.05
2564.736,1136.9
2566.757,1139.25
2568.777,1137.75
2570.796,1141.65
2572.815,1171.15
2574.834,1187.1
2576.852,1228.35
2578.869,1280.45
2580.886,1339.25
2582.902,1372.4
2584.918,1390.9
2586.933,1358.75
2588.948,1312.15
2590.962,1248
2592.975,1199.3
2594.988,1150.55
2597.001,1149.75
2599.013,1168.75
2601.024,1231.6
2603.035,1302.65
2605.045,1343.35
2607.055,1367.2
2609.064,1334.25
2611.073,1254.8
2613.081,1181.9
2615.088,1093.6
2617.095,1055.25
2619.102,1032.7
2621.108,1018.8
2623.113,1004.05
2625.118,987.6
2627.122,977.2
2629.126,964.1
2631.129,967.55
2633.132,968.15
2635.134,965.4
2637.136,960.55
2639.137,963.3
2641.137,966.35
2643.137,973.65
2645.137,963.05
2647.136,975.55
2649.134,978.7
2651.132,984.65
2653.129,1001.75
2655.126,1024.5
2657.122,1068.5
2659.118,1083.45
2661.113,1095.25
2663.108,1088.85
2665.102,1053.3
2667.096,1024.15
2669.089,995.9
2671.081,975.1
2673.073,950.8
2675.064,958.25
2677.055,951.1
2679.046,951.25
2681.035,953.4
2683.025,959.2
2685.013,963.65
2687.002,960.95
2688.989,964.05
2690.976,968.2
2692.963,985.6
2694.949,990
2696.935,1017.55
2698.920,1037.15
2700.904,1052.95
2702.888,1068.6
2704.872,1061.85
2706.854,1056
2708.837,1048
2710.819,1056.05
2712.800,1051.15
2714.781,1062.65
2716.761,1084.95
2718.740,1104.85
2720.720,1161.2
2722.698,1235.75
2724.676,1347.65
2726.654,1564.2
2728.631,1833.5
2730.607,2144.2
2732.583,2356.9
2734.559,2419.75
2736.534,2379.7
2738.508,2171.35
2740.482,1933.5
2742.455,1682.35
2744.428,1490.35
2746.400,1384.3
2748.372,1326.1
2750.343,1263
2752.314,1232.75
2754.284,1218
2756.254,1186.45
2758.223,1199.35
2760.192,1182.1
2762.160,1186.7
2764.127,1195.05
2766.094,1196.1
2768.061,1195.7
2770.027,1211.6
2771.992,1227.4
2773.957,1240.1
2775.921,1255.1
2777.885,1247.5
2779.849,1249.5
2781.811,1233.4
2783.774,1189.35
2785.736,1167.7
2787.697,1169.3
2789.657,1160.85
2791.618,1174.7
2793.577,1184.9
2795.537,1206.2
2797.495,1191.75
2799.453,1208.45
2801.411,1238.3
2803.368,1249.6
2805.324,1276.5
2807.280,1303.6
2809.236,1310.1
2811.191,1312
2813.145,1339.7
2815.099,1324.4
2817.053,1342.25
2819.006,1373.15
2820.958,1387.85
2822.910,1402.95
2824.861,1447.35
2826.812,1466.35
2828.762,1498.55
2830.712,1531.8
2832.661,1587.8
2834.610,1647.8
2836.558,1723.45
2838.506,1827.3
2840.453,1943.25
2842.400,2089.95
2844.346,2293.45
2846.292,2522.3
2848.237,2845.1
2850.181,3166.65
2852.125,3565.2
2854.069,3980.75
2856.012,4298.9
2857.955,4613.85
2859.897,4824.95
2861.838,5002.95
2863.779,5099.8
2865.720,5150.5
2867.659,5119.25
2869.599,5109.5
2871.538,5119.55
2873.476,5025
2875.414,4904.35
2877.352,4774.2
2879.288,4586.8
2881.225,4419.95
2883.161,4245.65
2885.096,4098.45
2887.031,4033.75
2888.965,3998.05
2890.899,4012.4
2892.832,4084.95
2894.765,4264.65
2896.697,4556.2
2898.629,4972.75
2900.560,5520.55
2902.491,6330.15
2904.421,7300.75
2906.351,8474.5
2908.280,9987.4
2910.209,11706.85
2912.137,13512.95
2914.064,15151.7
2915.991,16304.7
2917.918,16790.05
2919.844,16375.25
2921.770,15341.6
2923.695,13915.95
2925.619,12366.95
2927.544,10868.8
2929.467,9489.85
2931.390,8344.25
2933.313,7481.7
2935.235,6761.6
2937.156,6245.9
2939.077,5815.25
2940.998,5592.3
2942.918,5328.45
2944.837,5127
2946.756,4982.55
2948.675,4852.8
2950.593,4687.15
2952.510,4539.35
2954.427,4389.05
2956.344,4300.35
2958.260,4146.8
2960.175,4040.4
2962.090,3961.1
2964.005,3905.35
2965.919,3899.55
2967.832,3927.4
2969.745,4007
2971.657,4212.95
2973.569,4567.05
2975.481,5234.7
2977.392,5890.1
2979.302,6142.95
2981.212,6111
2983.121,5740.25
2985.030,5103.4
2986.939,4483.45
2988.847,4198.05
2990.754,4098.35
2992.661,4204.95
2994.567,4437.2
2996.473,4739.95
2998.379,5084.5
3000.283,5273.1
3002.188,5278.7
3004.092,5182.4
3005.995,4940.65
3007.898,4754.35
3009.800,4706.8
3011.702,4729.85
3013.604,4895
3015.504,5078.05
3017.405,5400.2
3019.305,5802.85
3021.204,6371.25
3023.103,7029.6
3025.001,7885.15
3026.899,8717.5
3028.797,9510.45
3030.694,10341.65
3032.590,10976.7
3034.486,11490.75
3036.381,11838.15
3038.276,12223.4
3040.171,12735.3
3042.064,13645.45
3043.958,15198.25
3045.851,17699.8
3047.743,21056.75
3049.635,24554.5
3051.526,27387.65
3053.417,28424.9
3055.308,27875.7
3057.198,25846.2
3059.087,23145.35
3060.976,20685.55
3062.865,18742.3
3064.752,16932.7
3066.640,15179.9
3068.527,13058.95
3070.413,11137
3072.299,9395.45
3074.185,7853.45
3076.070,6664.4
3077.954,5788.2
3079.838,5078.3
3081.722,4550.75
3083.605,4143.55
3085.487,3840.3
3087.369,3523.15
3089.251,3309.2
3091.132,3103.05
3093.012,2912
3094.892,2782.65
3096.772,2645.55
3098.651,2545.65
3100.530,2450.65
3102.408,2391.1
3104.285,2302.95
3106.162,2221.45
3108.039,2101
3109.915,2026.9
3111.791,1951.4
3113.666,1845.3
3115.541,1808.45
3117.415,1743.55
3119.288,1669
3121.162,1640.65
3123.034,1582.8
3124.907,1542.25
3126.778,1511.4
3128.649,1474
3130.520,1444.95
3132.390,1430.35
3134.260,1374.85
3136.129,1359.6
3137.998,1340.6
3139.867,1338.5
3141.734,1322.1
3143.602,1305
3145.469,1299.4
3147.335,1306.05
3149.201,1303.15
3151.066,1305.4
3152.931,1304.75
3154.795,1327.75
3156.659,1366.25
3158.523,1408.25
3160.386,1530.6
3162.248,1637.05
3164.110,1772.55
3165.972,1817.15

