149.887,1552.2
152.611,1537.4
155.334,1476.7
158.056,1422.4
160.777,1377.7
163.497,1351.1
166.217,1301.4
168.936,1269.8
171.654,1255.2
174.371,1243.9
177.087,1222.6
179.802,1189.7
182.516,1193.8
185.230,1187.3
187.943,1171.5
190.655,1160.9
193.366,1165.8
196.076,1183.6
198.786,1201.7
201.494,1220.4
204.202,1248.8
206.909,1288
209.615,1379.5
212.320,1486.9
215.024,1646.6
217.728,1767.7
220.430,1891.1
223.132,1929.7
225.833,1874
228.533,1747.4
231.233,1623.2
233.931,1468.1
236.629,1346.2
239.326,1250
242.022,1189.4
244.717,1140
247.411,1100.1
250.105,1080.4
252.797,1066.6
255.489,1046.7
258.180,1026.2
260.870,1027.8
263.559,1011
266.248,1008.4
268.936,999.4
271.622,998.8
274.308,999.9
276.993,995.7
279.678,992
282.361,999.5
285.044,996.2
287.726,980.5
290.407,986.3
293.087,1001.6
295.766,982.1
298.445,998.6
301.122,994.6
303.799,999.8
306.475,992.9
309.150,1009.1
311.825,995.9
314.498,1006
317.171,1000.2
319.843,1000.5
322.514,1006.4
325.184,1008.7
327.853,1000.5
330.522,1023.1
333.190,1032.2
335.857,1033.6
338.523,1032.7
341.188,1057.5
343.852,1069.2
346.516,1095.1
349.179,1130.9
351.841,1122.4
354.502,1116.6
357.162,1098.8
359.822,1088.4
362.481,1044.8
365.139,1049.4
367.796,1047.5
370.452,1047.3
373.107,1032.6
375.762,1034.4
378.416,1032.9
381.069,1038.2
383.721,1035.7
386.372,1036.1
389.023,1041.8
391.673,1032.6
394.321,1036.6
396.970,1063
399.617,1038.5
402.263,1056.3
404.909,1060.7
407.554,1049.3
410.198,1065.7
412.841,1062.7
415.483,1057.1
418.125,1045.7
420.766,1048.6
423.406,1053.4
426.045,1055.5
428.683,1054.6
431.321,1062.2
433.957,1060.7
436.593,1052.2
439.228,1057.8
441.863,1066
444.496,1047.6
447.129,1048.2
449.761,1045.8
452.392,1049.9
455.022,1051.9
457.652,1049.4
460.280,1068.3
462.908,1071.5
465.535,1075
468.161,1095.7
470.787,1092.9
473.411,1074.4
476.035,1058.9
478.658,1031.6
481.280,1028.1
483.902,1020.5
486.522,1020.9
489.142,1030.4
491.761,1022.4
494.379,1021.7
496.997,1009.9
499.613,1022.5
502.229,1011.8
504.844,991.7
507.458,967.8
510.072,988
512.684,975.1
515.296,1031.5
517.907,1116
520.518,1466.4
523.127,1665.7
525.736,1706.2
528.343,1667.3
530.950,1495.3
533.557,1182
536.162,970.8
538.767,913
541.371,861.4
543.974,848.1
546.576,838.5
549.177,830
551.778,815
554.378,814.8
556.977,811.8
559.575,812.5
562.173,805.8
564.769,804.4
567.365,786.7
569.960,802.7
572.555,791.8
575.148,793
577.741,791.9
580.333,791.6
582.924,785.4
585.515,781
588.104,792.6
590.693,782.4
593.281,788.5
595.868,789.4
598.455,803
601.040,808
603.625,809.5
606.209,825.7
608.793,832.2
611.375,836.8
613.957,877.6
616.538,902.5
619.118,997.3
621.697,1090.6
624.276,1136.6
626.854,1153.3
629.431,1126.5
632.007,1062.4
634.582,973.5
637.157,877.1
639.731,840.9
642.304,814.2
644.876,787.4
647.448,789.8
650.019,772.4
652.589,770.3
655.158,770.8
657.726,759.2
660.294,759.5
662.861,753.4
665.427,756.7
667.992,762.5
670.557,752.8
673.121,760.2
675.684,753
678.246,762.1
680.807,753.1
683.368,747.3
685.928,756.5
688.487,757.4
691.045,756.9
693.603,757.7
696.160,756.8
698.716,760.3
701.271,755.7
703.826,763
706.379,754.3
708.932,749.9
711.484,753.7
714.036,753.5
716.586,762.2
719.136,756.3
721.685,768.6
724.234,773
726.781,793.1
729.328,802.5
731.874,810.6
734.419,823.5
736.964,824.1
739.507,815
742.050,796.1
744.592,772.4
747.134,772.1
749.675,761.3
752.214,758
754.753,757.2
757.292,768.3
759.829,760.8
762.366,770.9
764.902,766.3
767.438,777.2
769.972,783.7
772.506,808.8
775.039,817.8
777.571,897.8
780.102,1022.7
782.633,1443.4
785.163,2511.3
787.692,3086.5
790.221,3069.1
792.748,2944.3
795.275,2449.7
797.801,1424.5
800.327,1003.1
802.851,931
805.375,915.3
807.898,926.8
810.421,927.1
812.942,923.7
815.463,924.3
817.983,903.6
820.502,869.3
823.021,842.2
825.539,823.3
828.056,813.1
830.572,804.4
833.088,804.5
835.602,805.1
838.116,815.5
840.630,822.7
843.142,826.2
845.654,825.7
848.165,816.1
850.675,807.1
853.185,796.9
855.693,780.8
858.201,774
860.709,765.1
863.215,761.7
865.721,756.2
868.226,747.6
870.730,742.7
873.234,742.2
875.736,742.7
878.238,741.3
880.740,752.9
883.240,744.7
885.740,743.5
888.239,749.5
890.737,750.1
893.235,761.8
895.731,764.2
898.227,769.2
900.723,766.4
903.217,766.7
905.711,762.6
908.204,747.2
910.696,748
913.188,745.8
915.678,743.2
918.168,735.6
920.658,739.4
923.146,733.5
925.634,731.8
928.121,738.7
930.608,737.4
933.093,735.4
935.578,730.9
938.062,732.7
940.545,736.1
943.028,731.8
945.510,738
947.991,743.3
950.471,731.4
952.951,739.8
955.430,746.9
957.908,748.2
960.386,737.5
962.862,750.9
965.338,767.3
967.814,772.2
970.288,774.6
972.762,777.6
975.235,792.8
977.707,797.5
980.179,800.5
982.650,796.8
985.120,808.7
987.589,829.5
990.058,901
992.525,957.5
994.993,1023.6
997.459,1170.1
999.925,1959.4
1002.390,4037.8
1004.854,4570.5
1007.317,4570
1009.780,4340.1
1012.242,3228.7
1014.703,1445.2
1017.164,994.8
1019.624,901.2
1022.083,879.2
1024.541,911.7
1026.999,1180
1029.456,1742.5
1031.912,1869.4
1034.367,1828.7
1036.822,1755.6
1039.276,1419.8
1041.729,955.5
1044.182,836.2
1046.634,807.2
1049.085,782.2
1051.535,787.1
1053.985,779.6
1056.433,776.9
1058.882,768.1
1061.329,752.9
1063.776,759.2
1066.222,757.2
1068.667,758
1071.112,762.8
1073.555,757.8
1075.999,763.3
1078.441,758
1080.883,770.9
1083.323,765.5
1085.764,760.1
1088.203,761.6
1090.642,759.1
1093.080,748.2
1095.517,748.6
1097.954,743.9
1100.390,742.8
1102.825,739.1
1105.259,738.6
1107.693,729.8
1110.126,746.5
1112.558,742
1114.990,735.7
1117.421,731.9
1119.851,741.9
1122.280,733.6
1124.709,729.8
1127.137,736.7
1129.564,739.3
1131.991,744.6
1134.417,738.7
1136.842,750.3
1139.266,752.7
1141.690,753.7
1144.113,780.4
1146.535,798.5
1148.957,809.6
1151.377,883.5
1153.798,931.1
1156.217,990.6
1158.636,1022.6
1161.054,1001.3
1163.471,974.8
1165.887,927.1
1168.303,883.5
1170.718,873.9
1173.133,874.1
1175.546,910.4
1177.959,952.2
1180.372,991.1
1182.783,977.7
1185.194,972.9
1187.604,931.1
1190.014,895.4
1192.423,855.8
1194.831,847.2
1197.238,842.3
1199.645,850.4
1202.050,885.4
1204.456,991.1
1206.860,1276.4
1209.264,1627.5
1211.667,1763.2
1214.069,1756.6
1216.471,1593.6
1218.872,1333.7
1221.272,973.9
1223.672,839.2
1226.071,794.9
1228.469,772.8
1230.866,765.7
1233.263,756
1235.659,744.1
1238.054,754.4
1240.449,749.6
1242.843,748.9
1245.236,757.7
1247.629,756.2
1250.021,749.3
1252.412,758.3
1254.802,735.6
1257.192,740.6
1259.581,730.5
1261.969,725.7
1264.357,728.9
1266.744,728.7
1269.130,724.6
1271.516,723
1273.900,732.8
1276.284,731.3
1278.668,731.8
1281.051,729.5
1283.433,728.2
1285.814,731.5
1288.195,720
1290.575,736.7
1292.954,725
1295.332,731.4
1297.710,729.5
1300.088,734.2
1302.464,738.6
1304.840,741.5
1307.215,743.7
1309.589,751.2
1311.963,759
1314.336,763.5
1316.708,755.9
1319.080,755.1
1321.451,745.5
1323.821,747.2
1326.191,757.8
1328.559,761.3
1330.928,776.4
1333.295,770.3
1335.662,759.1
1338.028,760.4
1340.393,762.1
1342.758,745.9
1345.122,749.8
1347.486,742.7
1349.848,739.6
1352.210,738.2
1354.571,747
1356.932,751.8
1359.292,763.4
1361.651,757.8
1364.010,774.7
1366.367,786.5
1368.725,800.9
1371.081,832.8
1373.437,894.6
1375.792,982.7
1378.146,1066.3
1380.500,1107.7
1382.853,1117.7
1385.205,1078
1387.557,995.1
1389.908,877.8
1392.258,836.1
1394.608,802.2
1396.957,787.4
1399.305,791.5
1401.653,775
1404.000,764.4
1406.346,776.7
1408.691,774.3
1411.036,778.8
1413.380,772.5
1415.724,771.4
1418.067,782.4
1420.409,788.4
1422.750,789.3
1425.091,805.3
1427.431,802.3
1429.771,825.1
1432.109,815.7
1434.447,831.1
1436.785,841.2
1439.121,833.9
1441.458,846.5
1443.793,842.7
1446.128,847.7
1448.462,837.4
1450.795,831.4
1453.127,836.9
1455.459,827.7
1457.791,821.2
1460.121,819
1462.451,813.6
1464.781,809.1
1467.109,802.9
1469.437,815.7
1471.764,794.2
1474.091,786.6
1476.417,790.5
1478.742,797.5
1481.067,773.8
1483.390,782.8
1485.714,784.2
1488.036,771.8
1490.358,770.2
1492.679,786.2
1495.000,778.3
1497.320,788.7
1499.639,790.3
1501.957,785.6
1504.275,771.8
1506.592,761.6
1508.909,757.3
1511.225,760.2
1513.540,753.4
1515.854,757.7
1518.168,748.4
1520.481,745.9
1522.794,750.9
1525.106,759.8
1527.417,746.6
1529.727,750.5
1532.037,747.7
1534.346,752.9
1536.655,739.5
1538.963,743.2
1541.270,741.4
1543.576,743.8
1545.882,747.9
1548.188,747.2
1550.492,758.3
1552.796,752.2
1555.099,760.1
1557.402,754.7
1559.703,761.8
1562.005,773.7
1564.305,771.1
1566.605,781.1
1568.904,805.7
1571.203,804.4
1573.501,814.3
1575.798,847.3
1578.095,885.1
1580.391,953.1
1582.686,1025.5
1584.980,1092.9
1587.274,1117.2
1589.568,1108.4
1591.860,1073.2
1594.152,1016.7
1596.443,1014.9
1598.734,1076
1601.024,1201.5
1603.313,1315.5
1605.602,1377.7
1607.890,1370.9
1610.177,1296.1
1612.464,1181.2
1614.750,1050.3
1617.036,957.2
1619.320,908.6
1621.604,892.7
1623.888,866.8
1626.171,842.5
1628.453,832.9
1630.734,809.2
1633.015,795.1
1635.295,771.2
1637.575,751.3
1639.854,756.2
1642.132,752.5
1644.409,741.4
1646.686,739.9
1648.962,730.2
1651.238,732.7
1653.513,733.4
1655.787,728.7
1658.061,717.7
1660.334,715.8
1662.606,719.9
1664.878,716.4
1667.149,718.4
1669.419,716.7
1671.689,723.7
1673.958,725.5
1676.227,717.4
1678.494,721.2
1680.761,720
1683.028,718.4
1685.294,711.2
1687.559,723.4
1689.824,725.8
1692.087,702.4
1694.351,714.1
1696.613,712.6
1698.875,709.1
1701.137,709.6
1703.397,710
1705.657,701.3
1707.917,705.5
1710.176,714.2
1712.434,707.6
1714.691,700.9
1716.948,700.2
1719.204,695.6
1721.460,700.3
1723.714,705.5
1725.969,696.7
1728.222,703
1730.475,704.8
1732.728,707.9
1734.979,714.7
1737.230,703.8
1739.481,708.1
1741.730,698.4
1743.980,693.7
1746.228,699.5
1748.476,702.6
1750.723,689.8
1752.970,696
1755.216,701.9
1757.461,704.8
1759.705,698.2
1761.949,699.7
1764.193,693.5
1766.436,702.2
1768.678,698.2
1770.919,698.7
1773.160,698.2
1775.400,705.8
1777.640,689.9
1779.878,698.2
1782.117,701.9
1784.354,707.5
1786.591,705.8
1788.828,703.7
1791.063,704.1
1793.299,705.2
1795.533,703.7
1797.767,706.6
1800.000,697.3
1802.233,702.1
1804.464,694.6
1806.696,691.7
1808.926,692.3
1811.156,698.4
1813.386,697.6
1815.615,703.4
1817.843,694.6
1820.070,696.2
1822.297,696.8
1824.523,694.6
1826.749,689.5
1828.974,689
1831.198,688.2
1833.422,698.5
1835.645,689.9
1837.868,697.7
1840.089,687.6
1842.311,690.8
1844.531,692.1
1846.751,696.2
1848.970,693.7
1851.189,695.6
1853.407,688.7
1855.625,691.2
1857.841,685
1860.058,679.9
1862.273,687
1864.488,684.2
1866.702,693.4
1868.916,690.8
1871.129,692.4
1873.341,686.2
1875.553,690.3
1877.764,680.7
1879.975,689
1882.185,691.7
1884.394,690.3
1886.603,680.3
1888.811,686.7
1891.018,684.5
1893.225,682
1895.431,688.6
1897.637,683.6
1899.842,696.4
1902.046,684.8
1904.250,685.1
1906.453,688.9
1908.655,685.3
1910.857,682.9
1913.058,685.2
1915.259,689.1
1917.459,683.7
1919.658,685
1921.857,690.2
1924.055,688.9
1926.253,690.1
1928.450,693.4
1930.646,691.5
1932.842,686.4
1935.037,690.5
1937.231,691.8
1939.425,691.2
1941.618,685.8
1943.811,681.8
1946.002,692.3
1948.194,680.6
1950.384,688.8
1952.575,688.5
1954.764,691.6
1956.953,692.4
1959.141,685.1
1961.329,690.9
1963.516,686.5
1965.702,694.5
1967.888,685
1970.073,682.6
1972.258,685.9
1974.442,686.4
1976.625,681.7
1978.808,672.7
1980.990,685.4
1983.171,688
1985.352,683.3
1987.533,681.7
1989.712,686
1991.891,690.1
1994.070,684
1996.248,685.8
1998.425,681.5
2000.601,685.1
2002.777,683
2004.953,675.9
2007.128,676.7
2009.302,680.2
2011.475,682.8
2013.648,682.1
2015.821,679.6
2017.992,675
2020.163,679.1
2022.334,687.1
2024.504,684.9
2026.673,682.7
2028.842,672.6
2031.010,686.1
2033.177,678.5
2035.344,677.7
2037.511,680.3
2039.676,677.4
2041.841,680
2044.006,679
2046.170,674.8
2048.333,674
2050.496,677.3
2052.658,678.6
2054.819,671.9
2056.980,678.7
2059.140,678.9
2061.300,678.1
2063.459,676.1
2065.617,679.7
2067.775,679.2
2069.932,676.8
2072.089,673
2074.245,680.2
2076.400,675.6
2078.555,681.1
2080.709,674
2082.863,681.3
2085.016,675.7
2087.168,677.1
2089.320,675.6
2091.471,682
2093.622,672.4
2095.772,675.7
2097.921,665.7
2100.070,676.3
2102.218,675.2
2104.366,674.4
2106.513,674.7
2108.659,669.9
2110.805,676.6
2112.950,677.9
2115.095,672.2
2117.239,677.4
2119.382,669.8
2121.525,677.7
2123.668,667.8
2125.809,672.3
2127.950,674.2
2130.091,665.1
2132.231,676.8
2134.370,675.6
2136.508,672.4
2138.647,670.2
2140.784,670.3
2142.921,676.4
2145.057,672.1
2147.193,669.6
2149.328,672.1
2151.463,672.4
2153.596,675.6
2155.730,676.4
2157.863,670.7
2159.995,671.8
2162.126,671.7
2164.257,667.5
2166.388,670.1
2168.517,670
2170.647,665.7
2172.775,671.6
2174.903,673.2
2177.031,672.7
2179.157,671
2181.284,666.8
2183.409,662.3
2185.534,673.2
2187.659,665.1
2189.783,665.6
2191.906,662.6
2194.029,673.8
2196.151,670.2
2198.272,669.1
2200.393,669.4
2202.514,669.7
2204.633,669.1
2206.753,672
2208.871,671.7
2210.989,670.4
2213.107,675.1
2215.223,666.7
2217.340,670.2
2219.455,669.7
2221.570,665.3
2223.685,662.3
2225.799,668.9
2227.912,664.1
2230.025,668.3
2232.137,674.7
2234.249,668.2
2236.360,666.7
2238.470,666
2240.580,664.4
2242.689,668.9
2244.798,667.1
2246.906,671.3
2249.013,666.9
2251.120,663.5
2253.227,662.7
2255.332,663.8
2257.438,665.2
2259.542,663.9
2261.646,665.2
2263.750,660.2
2265.852,662.9
2267.955,666.9
2270.056,669
2272.157,672.9
2274.258,667.5
2276.358,667.5
2278.457,664
2280.556,672.5
2282.654,670.2
2284.752,663.4
2286.849,667.4
2288.946,664.7
2291.041,661.3
2293.137,662.7
2295.232,659
2297.326,656.7
2299.419,670.8
2301.512,663.5
2303.605,667.2
2305.697,666.6
2307.788,670.4
2309.879,671.3
2311.969,681.1
2314.058,677.1
2316.147,674.8
2318.236,668.3
2320.324,662.3
2322.411,667
2324.498,668.2
2326.584,661.3
2328.669,660.7
2330.754,664.3
2332.839,662.2
2334.923,668
2337.006,660.5
2339.089,659.7
2341.171,663.9
2343.252,667.6
2345.333,654.7
2347.414,667.1
2349.493,665.5
2351.573,665.2
2353.651,669.6
2355.730,667
2357.807,663
2359.884,665.4
2361.961,664.1
2364.036,667.1
2366.112,669
2368.186,663.7
2370.261,666.5
2372.334,666.7
2374.407,663.7
2376.480,664.3
2378.551,664.1
2380.623,666.2
2382.694,665.5
2384.764,671.3
2386.833,670.2
2388.902,671.4
2390.971,668
2393.039,665.9
2395.106,667.8
2397.173,673.3
2399.239,666.4
2401.305,673.7
2403.370,663.6
2405.434,667.4
2407.498,676.3
2409.562,672.9
2411.624,670.3
2413.687,673.5
2415.748,669.1
2417.810,672.1
2419.870,673.7
2421.930,673.5
2423.990,672.8
2426.049,678.2
2428.107,673.1
2430.165,679.1
2432.222,685.8
2434.278,681.2
2436.335,676.9
2438.390,668.5
2440.445,663.1
2442.499,664
2444.553,664.6
2446.606,663.3
2448.659,660.9
2450.711,660.5
2452.763,658.8
2454.814,666.5
2456.864,665.7
2458.914,668.9
2460.964,663.3
2463.013,667.5
2465.061,670.8
2467.108,668.2
2469.156,667.9
2471.202,662.4
2473.248,664.4
2475.294,662.9
2477.339,666.9
2479.383,660.2
2481.427,660.1
2483.470,666.2
2485.513,668.4
2487.555,658.7
2489.596,661.9
2491.637,662.2
2493.678,661.6
2495.718,657.3
2497.757,655.8
2499.796,666.3
2501.834,659.1
2503.872,664.5
2505.909,661.1
2507.945,666
2509.981,661.8
2512.017,658.5
2514.052,660.4
2516.086,665.9
2518.120,659.9
2520.153,668.2
2522.186,663.3
2524.218,666.6
2526.250,669.6
2528.281,662.4
2530.311,661.1
2532.341,663.8
2534.371,666.2
2536.400,672.3
2538.428,679.9
2540.456,678.8
2542.483,681.9
2544.509,683.5
2546.536,690.9
2548.561,689.4
2550.586,694.7
2552.611,695.1
2554.635,685.4
2556.658,685.4
2558.681,682.6
2560.703,682.7
2562.725,676.4
2564.746,679.4
2566.767,678.5
2568.787,677.8
2570.806,679.2
2572.825,681
2574.844,683.4
2576.861,684.1
2578.879,695.3
2580.896,699.6
2582.912,699.8
2584.928,704.3
2586.943,702.3
2588.957,691.2
2590.971,679.9
2592.985,677.6
2594.998,682.5
2597.010,682.6
2599.022,677.1
2601.034,680.5
2603.045,701.3
2605.055,697.1
2607.065,701.3
2609.074,696.5
2611.082,689.4
2613.090,686.1
2615.098,679.9
2617.105,667.8
2619.112,667.9
2621.117,668.5
2623.123,666.3
2625.128,663.2
2627.132,663.4
2629.136,662.1
2631.139,661.9
2633.142,654.5
2635.144,659.4
2637.146,662
2639.147,659.7
2641.147,661.1
2643.147,661.9
2645.147,659.7
2647.146,667.6
2649.144,662.9
2651.142,661.2
2653.139,666.7
2655.136,664.7
2657.132,675
2659.128,674.8
2661.123,674.1
2663.118,670.1
2665.112,667.2
2667.105,665.7
2669.098,663.9
2671.091,661.1
2673.083,655.4
2675.074,657.3
2677.065,658
2679.055,651
2681.045,665.9
2683.034,658.2
2685.023,658.7
2687.011,657.1
2688.999,664.5
2690.986,662.2
2692.973,655.9
2694.959,661.2
2696.944,663.5
2698.929,666.9
2700.914,666.1
2702.898,667.1
2704.881,674.4
2706.864,671.9
2708.846,665.3
2710.828,673.1
2712.809,667.7
2714.790,665.3
2716.770,661.9
2718.750,667.3
2720.729,678.7
2722.708,679.2
2724.686,697.1
2726.664,707.8
2728.641,735.9
2730.617,778.5
2732.593,800.1
2734.569,818.8
2736.543,799.1
2738.518,782.3
2740.492,750.4
2742.465,734.7
2744.438,713
2746.410,702.1
2748.382,695.6
2750.353,691.9
2752.324,684.7
2754.294,688.2
2756.264,683.8
2758.233,683.9
2760.201,682.7
2762.169,678
2764.137,678.9
2766.104,684.8
2768.070,685.2
2770.036,681.5
2772.002,683.8
2773.967,691.3
2775.931,690
2777.895,688
2779.858,685.2
2781.821,691.4
2783.783,670.6
2785.745,678.7
2787.706,674.9
2789.667,681.4
2791.627,680.9
2793.587,674.2
2795.546,676.2
2797.505,686.1
2799.463,682.4
2801.420,683.8
2803.377,685.6
2805.334,689.1
2807.290,682.8
2809.245,690
2811.200,688.1
2813.155,695.9
2815.109,684
2817.062,695.7
2819.015,692.8
2820.968,701.8
2822.919,696.1
2824.871,707.2
2826.822,707.3
2828.772,713.6
2830.722,720.8
2832.671,728.6
2834.620,723.6
2836.568,738.7
2838.515,742.1
2840.463,759.5
2842.409,763
2844.355,784
2846.301,815.1
2848.246,842.4
2850.191,879.4
2852.135,923.3
2854.078,968.8
2856.021,1004.1
2857.964,1027.4
2859.906,1046.4
2861.848,1070.4
2863.789,1076.8
2865.729,1089
2867.669,1089.4
2869.608,1072.7
2871.547,1080.7
2873.486,1073.9
2875.424,1058.6
2877.361,1047.8
2879.298,1027.7
2881.234,1006
2883.170,984
2885.105,984
2887.040,955.7
2888.974,972.5
2890.908,961.1
2892.841,975.3
2894.774,989
2896.706,1016.5
2898.638,1070.6
2900.569,1108.5
2902.500,1194.2
2904.430,1306.3
2906.360,1419.1
2908.289,1585.8
2910.218,1762.7
2912.146,1912.7
2914.074,2086.5
2916.001,2222.1
2917.927,2263.4
2919.854,2206.8
2921.779,2111.3
2923.704,1994.6
2925.629,1823.1
2927.553,1664.5
2929.477,1541.2
2931.400,1409.8
2933.322,1320.7
2935.244,1253.9
2937.166,1209.8
2939.087,1148.5
2941.007,1132.9
2942.927,1089.8
2944.847,1077.9
2946.766,1077.7
2948.684,1040.7
2950.602,1048.5
2952.520,1032.6
2954.437,1004.4
2956.353,990.7
2958.269,974
2960.185,966.6
2962.100,968
2964.014,959
2965.928,945.7
2967.841,948.5
2969.754,966.8
2971.667,984.8
2973.579,1008.8
2975.490,1085.6
2977.401,1167.9
2979.311,1187.4
2981.221,1186.5
2983.131,1132.8
2985.040,1086.5
2986.948,1019
2988.856,974.4
2990.763,967.3
2992.670,982.9
2994.577,1007.7
2996.482,1039.6
2998.388,1063.5
3000.293,1098.8
3002.197,1103.1
3004.101,1066.1
3006.004,1063
3007.907,1036.4
3009.810,1025.3
3011.712,1040.3
3013.613,1037.5
3015.514,1074
3017.414,1097.7
3019.314,1150.7
3021.213,1205.3
3023.112,1276.6
3025.011,1367.6
3026.909,1433.1
3028.806,1529.4
3030.703,1614.2
3032.599,1684.3
3034.495,1704.1
3036.390,1751.6
3038.285,1804.8
3040.180,1837.9
3042.074,1944
3043.967,2069
3045.860,2361.6
3047.752,2680
3049.644,3083.6
3051.536,3373.5
3053.427,3496.5
3055.317,3452.9
3057.207,3228.8
3059.096,2930.8
3060.985,2660.7
3062.874,2502.1
3064.762,2307.3
3066.649,2125.8
3068.536,1914.6
3070.423,1687.3
3072.309,1518.8
3074.194,1366.3
3076.079,1252.7
3077.963,1156.7
3079.847,1085
3081.731,1026.3
3083.614,978.8
3085.496,939.9
3087.378,914.9
3089.260,891.5
3091.141,860.6
3093.022,853.1
3094.902,839
3096.781,827.2
3098.660,822.3
3100.539,812.3
3102.417,804.7
3104.294,803.5
3106.172,774.1
3108.048,778.9
3109.924,758.8
3111.800,760.9
3113.675,750.4
3115.550,740.2
3117.424,743.9
3119.298,725.2
3121.171,727.1
3123.043,721
3124.916,708.7
3126.787,711.7
3128.659,712.8
3130.529,708.3
3132.400,694.9
3134.269,704.3
3136.139,701.4
3138.007,696.7
3139.876,693.3
3141.743,694.2
3143.611,688.5
3145.478,690.4
3147.344,686.3
3149.210,686.6
3151.075,686.2
3152.940,690.4
3154.805,697.1
3156.668,704.1
3158.532,700.2
3160.395,710.2
3162.257,727.2
3164.119,738.4
3165.981,735.9

