149.887,1420.33333333333
152.611,1369.66666666667
155.334,1322
158.056,1306.33333333333
160.777,1258.66666666667
163.497,1250.33333333333
166.217,1217
168.936,1210.66666666667
171.654,1181
174.371,1137.66666666667
177.087,1119
179.802,1131.66666666667
182.516,1119
185.230,1072
187.943,1091
190.655,1099
193.366,1081
196.076,1093.33333333333
198.786,1090.66666666667
201.494,1143.33333333333
204.202,1131.33333333333
206.909,1206.66666666667
209.615,1265.33333333333
212.320,1357
215.024,1478.66666666667
217.728,1586
220.430,1701
223.132,1707
225.833,1668
228.533,1575.66666666667
231.233,1414.33333333333
233.931,1317
236.629,1236
239.326,1165.33333333333
242.022,1081.66666666667
244.717,1065.66666666667
247.411,1030
250.105,1008.33333333333
252.797,998.333333333333
255.489,995.666666666667
258.180,1002.66666666667
260.870,969.333333333333
263.559,979.666666666667
266.248,967.333333333333
268.936,939.666666666667
271.622,943.666666666667
274.308,968.666666666667
276.993,946
279.678,944.666666666667
282.361,934
285.044,954.666666666667
287.726,949.333333333333
290.407,964
293.087,952.333333333333
295.766,936.333333333333
298.445,936.666666666667
301.122,940.666666666667
303.799,952.333333333333
306.475,953.333333333333
309.150,938
311.825,940.333333333333
314.498,936
317.171,963.333333333333
319.843,954.333333333333
322.514,961.333333333333
325.184,972.666666666667
327.853,967.333333333333
330.522,960.666666666667
333.190,980.666666666667
335.857,984.333333333333
338.523,980.333333333333
341.188,992.333333333333
343.852,1034.66666666667
346.516,1034
349.179,1042.66666666667
351.841,1063
354.502,1053.33333333333
357.162,1049
359.822,1005
362.481,975.333333333333
365.139,981
367.796,985
370.452,967.666666666667
373.107,993.666666666667
375.762,972
378.416,1000.66666666667
381.069,948.333333333333
383.721,975.666666666667
386.372,971
389.023,1008.33333333333
391.673,974.333333333333
394.321,981
396.970,987
399.617,969.666666666667
402.263,976
404.909,990.333333333333
407.554,1010.66666666667
410.198,987.333333333333
412.841,1015.33333333333
415.483,1003.33333333333
418.125,1002.66666666667
420.766,985
423.406,993.333333333333
426.045,962.333333333333
428.683,986.666666666667
431.321,997
433.957,998.666666666667
436.593,989.333333333333
439.228,1021.33333333333
441.863,988.333333333333
444.496,1020.66666666667
447.129,987.333333333333
449.761,974
452.392,985.333333333333
455.022,1004.66666666667
457.652,974
460.280,988.666666666667
462.908,1022.66666666667
465.535,1014.33333333333
468.161,1024
470.787,1005.66666666667
473.411,998
476.035,997
478.658,991.666666666667
481.280,961.666666666667
483.902,939.666666666667
486.522,959.666666666667
489.142,985
491.761,963
494.379,983.666666666667
496.997,968
499.613,958.333333333333
502.229,943.666666666667
504.844,953.666666666667
507.458,943
510.072,922.333333333333
512.684,909.666666666667
515.296,966.666666666667
517.907,1056
520.518,1320.66666666667
523.127,1499.33333333333
525.736,1557
528.343,1509.33333333333
530.950,1387.66666666667
533.557,1095.66666666667
536.162,913.666666666667
538.767,866
541.371,855
543.974,815
546.576,833.333333333333
549.177,807.666666666667
551.778,812.666666666667
554.378,803.333333333333
556.977,779.333333333333
559.575,798
562.173,771.333333333333
564.769,782
567.365,783
569.960,788.333333333333
572.555,782.666666666667
575.148,761.333333333333
577.741,779
580.333,763.666666666667
582.924,771.333333333333
585.515,761.333333333333
588.104,766.333333333333
590.693,770
593.281,772.666666666667
595.868,787
598.455,788.333333333333
601.040,777.666666666667
603.625,791
606.209,778.666666666667
608.793,808
611.375,812.333333333333
613.957,841.333333333333
616.538,867.666666666667
619.118,945.333333333333
621.697,1025.33333333333
624.276,1090
626.854,1060.66666666667
629.431,1052.66666666667
632.007,999
634.582,914.333333333333
637.157,865.666666666667
639.731,807.666666666667
642.304,794.333333333333
644.876,765
647.448,765
650.019,776.666666666667
652.589,765
655.158,764.333333333333
657.726,743.333333333333
660.294,744.333333333333
662.861,739
665.427,755
667.992,745.333333333333
670.557,752.666666666667
673.121,740.666666666667
675.684,764.666666666667
678.246,748.333333333333
680.807,749.666666666667
683.368,732
685.928,740.666666666667
688.487,731.333333333333
691.045,734.666666666667
693.603,746.666666666667
696.160,758
698.716,741.666666666667
701.271,735
703.826,747
706.379,742.333333333333
708.932,751
711.484,747.333333333333
714.036,729
716.586,741.666666666667
719.136,739.333333333333
721.685,755.333333333333
724.234,765
726.781,771.666666666667
729.328,760.666666666667
731.874,804.333333333333
734.419,810.333333333333
736.964,785
739.507,789.333333333333
742.050,783
744.592,775.333333333333
747.134,755
749.675,744.666666666667
752.214,754
754.753,747
757.292,746
759.829,757.333333333333
762.366,757.666666666667
764.902,745.666666666667
767.438,748.333333333333
769.972,758
772.506,765.333333333333
775.039,806.333333333333
777.571,838.666666666667
780.102,963.333333333333
782.633,1291.33333333333
785.163,2222
787.692,2692
790.221,2657
792.748,2564.33333333333
795.275,2095
797.801,1278.66666666667
800.327,942.333333333333
802.851,897.333333333333
805.375,857
807.898,879
810.421,898.333333333333
812.942,873.666666666667
815.463,886
817.983,873
820.502,834
823.021,821
825.539,814.666666666667
828.056,785.666666666667
830.572,791
833.088,769.333333333333
835.602,790.333333333333
838.116,772.333333333333
840.630,781.666666666667
843.142,810.333333333333
845.654,816.666666666667
848.165,795
850.675,795.333333333333
853.185,784
855.693,761.666666666667
858.201,748.666666666667
860.709,755.333333333333
863.215,736
865.721,740.666666666667
868.226,746
870.730,730.333333333333
873.234,731.666666666667
875.736,748.333333333333
878.238,727.666666666667
880.740,731
883.240,727
885.740,751.666666666667
888.239,729
890.737,738
893.235,761.666666666667
895.731,750.333333333333
898.227,746
900.723,775.333333333333
903.217,759
905.711,743.666666666667
908.204,753.333333333333
910.696,742.666666666667
913.188,743.666666666667
915.678,731.666666666667
918.168,736.666666666667
920.658,744.666666666667
923.146,724
925.634,731
928.121,731
930.608,747.333333333333
933.093,729.333333333333
935.578,735
938.062,739
940.545,732
943.028,738.333333333333
945.510,722.666666666667
947.991,721.666666666667
950.471,738.333333333333
952.951,727.666666666667
955.430,736.666666666667
957.908,733.333333333333
960.386,745.666666666667
962.862,739
965.338,751.666666666667
967.814,748.666666666667
970.288,773
972.762,765.666666666667
975.235,774.666666666667
977.707,776.333333333333
980.179,779.333333333333
982.650,784.333333333333
985.120,775.333333333333
987.589,837.666666666667
990.058,865.333333333333
992.525,907.333333333333
994.993,941
997.459,1101
999.925,1822
1002.390,3509.66666666667
1004.854,3850.66666666667
1007.317,3876.33333333333
1009.780,3637.33333333333
1012.242,2784.33333333333
1014.703,1311.66666666667
1017.164,952.333333333333
1019.624,871.666666666667
1022.083,853
1024.541,888.333333333333
1026.999,1103.33333333333
1029.456,1606.33333333333
1031.912,1677.66666666667
1034.367,1650
1036.822,1578
1039.276,1267.33333333333
1041.729,911.333333333333
1044.182,816
1046.634,789
1049.085,769.666666666667
1051.535,751
1053.985,770
1056.433,773
1058.882,758.666666666667
1061.329,743.333333333333
1063.776,761.666666666667
1066.222,734
1068.667,760.333333333333
1071.112,747.333333333333
1073.555,767.666666666667
1075.999,743.666666666667
1078.441,755
1080.883,758.333333333333
1083.323,755
1085.764,756
1088.203,756
1090.642,739.333333333333
1093.080,755
1095.517,732
1097.954,731.666666666667
1100.390,746.333333333333
1102.825,735
1105.259,733.666666666667
1107.693,737
1110.126,728.333333333333
1112.558,727.666666666667
1114.990,735.666666666667
1117.421,733.333333333333
1119.851,743.333333333333
1122.280,731.666666666667
1124.709,735.333333333333
1127.137,743
1129.564,736.333333333333
1131.991,734.666666666667
1134.417,716.666666666667
1136.842,737.333333333333
1139.266,750.666666666667
1141.690,732.333333333333
1144.113,773
1146.535,785.333333333333
1148.957,785.666666666667
1151.377,846
1153.798,901.333333333333
1156.217,957
1158.636,964.333333333333
1161.054,954.666666666667
1163.471,940
1165.887,867.666666666667
1168.303,848
1170.718,821.666666666667
1173.133,850.333333333333
1175.546,874.666666666667
1177.959,926.666666666667
1180.372,923.666666666667
1182.783,957
1185.194,923.333333333333
1187.604,895
1190.014,854.666666666667
1192.423,851.333333333333
1194.831,800.333333333333
1197.238,838
1199.645,832
1202.050,868
1204.456,952.333333333333
1206.860,1163.66666666667
1209.264,1468.33333333333
1211.667,1560.66666666667
1214.069,1623.33333333333
1216.471,1469.33333333333
1218.872,1201.66666666667
1221.272,923.666666666667
1223.672,805.333333333333
1226.071,781.666666666667
1228.469,767
1230.866,759.333333333333
1233.263,740.333333333333
1235.659,735
1238.054,734.666666666667
1240.449,752.666666666667
1242.843,749.666666666667
1245.236,732.666666666667
1247.629,731.666666666667
1250.021,743.333333333333
1252.412,733.666666666667
1254.802,746.333333333333
1257.192,725
1259.581,738.333333333333
1261.969,722
1264.357,728.666666666667
1266.744,714
1269.130,729
1271.516,720.666666666667
1273.900,723
1276.284,716.666666666667
1278.668,719.666666666667
1281.051,724
1283.433,724.333333333333
1285.814,721
1288.195,714
1290.575,729.666666666667
1292.954,727
1295.332,718.333333333333
1297.710,726.333333333333
1300.088,720.333333333333
1302.464,726.666666666667
1304.840,717.666666666667
1307.215,729
1309.589,745.666666666667
1311.963,738.333333333333
1314.336,731.333333333333
1316.708,740.333333333333
1319.080,749
1321.451,732
1323.821,748
1326.191,747.666666666667
1328.559,766.666666666667
1330.928,757.666666666667
1333.295,750.666666666667
1335.662,769.333333333333
1338.028,756.666666666667
1340.393,739.666666666667
1342.758,744.333333333333
1345.122,741
1347.486,725.666666666667
1349.848,746.333333333333
1352.210,746
1354.571,745.333333333333
1356.932,739
1359.292,741.333333333333
1361.651,750.333333333333
1364.010,760
1366.367,770.333333333333
1368.725,782
1371.081,808.333333333333
1373.437,835
1375.792,941
1378.146,986
1380.500,1046.33333333333
1382.853,1041.33333333333
1385.205,989.333333333333
1387.557,913.666666666667
1389.908,849.333333333333
1392.258,822.333333333333
1394.608,791
1396.957,775.666666666667
1399.305,772.333333333333
1401.653,766.666666666667
1404.000,754.333333333333
1406.346,753
1408.691,757.666666666667
1411.036,740.666666666667
1413.380,763.666666666667
1415.724,752.666666666667
1418.067,758.666666666667
1420.409,764.333333333333
1422.750,774.333333333333
1425.091,776.333333333333
1427.431,798
1429.771,791.333333333333
1432.109,802.333333333333
1434.447,824
1436.785,819.333333333333
1439.121,826
1441.458,821.333333333333
1443.793,819.666666666667
1446.128,813
1448.462,812.666666666667
1450.795,801.333333333333
1453.127,798.666666666667
1455.459,817.333333333333
1457.791,817
1460.121,785.333333333333
1462.451,788
1464.781,782.333333333333
1467.109,791
1469.437,777.333333333333
1471.764,774.333333333333
1474.091,762.666666666667
1476.417,776.666666666667
1478.742,757.333333333333
1481.067,741.333333333333
1483.390,759
1485.714,756
1488.036,755.666666666667
1490.358,776
1492.679,764.666666666667
1495.000,772.666666666667
1497.320,768
1499.639,770
1501.957,785.666666666667
1504.275,767.666666666667
1506.592,755.666666666667
1508.909,753.333333333333
1511.225,745
1513.540,740
1515.854,743.666666666667
1518.168,745
1520.481,745.666666666667
1522.794,753.333333333333
1525.106,733.666666666667
1527.417,722.333333333333
1529.727,739.666666666667
1532.037,762.666666666667
1534.346,727
1536.655,736.666666666667
1538.963,754.666666666667
1541.270,755.666666666667
1543.576,759
1545.882,732.333333333333
1548.188,740
1550.492,739.333333333333
1552.796,748
1555.099,759
1557.402,747.666666666667
1559.703,756
1562.005,763.666666666667
1564.305,755.666666666667
1566.605,774.666666666667
1568.904,786
1571.203,782.666666666667
1573.501,809
1575.798,829
1578.095,849.666666666667
1580.391,942
1582.686,970
1584.980,1030.33333333333
1587.274,1051.33333333333
1589.568,1038.66666666667
1591.860,1022.33333333333
1594.152,978.666666666667
1596.443,968.666666666667
1598.734,996.333333333333
1601.024,1105.66666666667
1603.313,1204
1605.602,1279.66666666667
1607.890,1250.33333333333
1610.177,1193
1612.464,1098.66666666667
1614.750,967.666666666667
1617.036,908.666666666667
1619.320,875
1621.604,852.333333333333
1623.888,815
1626.171,815
1628.453,793.666666666667
1630.734,791.666666666667
1633.015,781.333333333333
1635.295,768
1637.575,740
1639.854,737.333333333333
1642.132,732
1644.409,726.666666666667
1646.686,728
1648.962,740.333333333333
1651.238,729
1653.513,718.666666666667
1655.787,719.333333333333
1658.061,721.666666666667
1660.334,731.666666666667
1662.606,715.333333333333
1664.878,729.333333333333
1667.149,706
1669.419,717.666666666667
1671.689,722.333333333333
1673.958,713
1676.227,717.333333333333
1678.494,701.333333333333
1680.761,712.333333333333
1683.028,712
1685.294,720.666666666667
1687.559,709
1689.824,721.333333333333
1692.087,712.666666666667
1694.351,716
1696.613,703
1698.875,708.333333333333
1701.137,704.666666666667
1703.397,697.333333333333
1705.657,702.666666666667
1707.917,711
1710.176,694
1712.434,716.666666666667
1714.691,694
1716.948,689
1719.204,708
1721.460,694.333333333333
1723.714,700
1725.969,716.333333333333
1728.222,687.333333333333
1730.475,702
1732.728,713
1734.979,700.333333333333
1737.230,702.333333333333
1739.481,707.666666666667
1741.730,699
1743.980,689
1746.228,681.666666666667
1748.476,703.666666666667
1750.723,693.666666666667
1752.970,681
1755.216,680.333333333333
1757.461,703
1759.705,699
1761.949,711.666666666667
1764.193,692
1766.436,685
1768.678,706.333333333333
1770.919,691.666666666667
1773.160,694
1775.400,700
1777.640,700
1779.878,692
1782.117,716.333333333333
1784.354,710
1786.591,704.666666666667
1788.828,704.666666666667
1791.063,703.333333333333
1793.299,714
1795.533,690.333333333333
1797.767,702.666666666667
1800.000,697.333333333333
1802.233,688.333333333333
1804.464,699
1806.696,684.333333333333
1808.926,694.333333333333
1811.156,702.333333333333
1813.386,704.666666666667
1815.615,695.666666666667
1817.843,687
1820.070,693.666666666667
1822.297,688.666666666667
1824.523,684.333333333333
1826.749,701.666666666667
1828.974,689.333333333333
1831.198,694.666666666667
1833.422,681.666666666667
1835.645,689.666666666667
1837.868,690
1840.089,695.666666666667
1842.311,692.666666666667
1844.531,701.333333333333
1846.751,691.333333333333
1848.970,692.333333333333
1851.189,689
1853.407,684.666666666667
1855.625,683.333333333333
1857.841,685
1860.058,688
1862.273,684.333333333333
1864.488,689
1866.702,693.333333333333
1868.916,692
1871.129,694.333333333333
1873.341,687
1875.553,683.666666666667
1877.764,684.333333333333
1879.975,696
1882.185,677.666666666667
1884.394,686
1886.603,686.666666666667
1888.811,688.666666666667
1891.018,682
1893.225,682.666666666667
1895.431,690.333333333333
1897.637,686
1899.842,682.666666666667
1902.046,691
1904.250,693.666666666667
1906.453,687.333333333333
1908.655,690.666666666667
1910.857,685.666666666667
1913.058,697
1915.259,688
1917.459,699.666666666667
1919.658,701.333333333333
1921.857,689.333333333333
1924.055,699
1926.253,681.666666666667
1928.450,689.666666666667
1930.646,702.666666666667
1932.842,697
1935.037,678.666666666667
1937.231,691.666666666667
1939.425,687.333333333333
1941.618,685.666666666667
1943.811,683.666666666667
1946.002,688
1948.194,695
1950.384,685.666666666667
1952.575,676
1954.764,694.333333333333
1956.953,684.333333333333
1959.141,687
1961.329,697
1963.516,675.666666666667
1965.702,678.666666666667
1967.888,687
1970.073,692.333333333333
1972.258,689.666666666667
1974.442,675.666666666667
1976.625,694
1978.808,685.333333333333
1980.990,691.333333333333
1983.171,677.666666666667
1985.352,680.666666666667
1987.533,689
1989.712,684
1991.891,688.333333333333
1994.070,684.333333333333
1996.248,684.333333333333
1998.425,670.333333333333
2000.601,683.666666666667
2002.777,681.666666666667
2004.953,679.333333333333
2007.128,663
2009.302,672
2011.475,677
2013.648,679
2015.821,669.333333333333
2017.992,683.666666666667
2020.163,685
2022.334,664
2024.504,668
2026.673,679.333333333333
2028.842,678.333333333333
2031.010,689
2033.177,679
2035.344,674.666666666667
2037.511,688.333333333333
2039.676,680.666666666667
2041.841,671.666666666667
2044.006,679.333333333333
2046.170,661.333333333333
2048.333,667.333333333333
2050.496,682
2052.658,678.333333333333
2054.819,687
2056.980,688.666666666667
2059.140,666.666666666667
2061.300,687
2063.459,667
2065.617,676
2067.775,670.666666666667
2069.932,681.333333333333
2072.089,670.666666666667
2074.245,678.666666666667
2076.400,683
2078.555,667
2080.709,670
2082.863,666.333333333333
2085.016,672
2087.168,672.666666666667
2089.320,681.666666666667
2091.471,675
2093.622,668.333333333333
2095.772,670.666666666667
2097.921,676.333333333333
2100.070,672.333333333333
2102.218,680.333333333333
2104.366,671.666666666667
2106.513,671.666666666667
2108.659,670
2110.805,687.333333333333
2112.950,664.666666666667
2115.095,666.666666666667
2117.239,678.666666666667
2119.382,668.333333333333
2121.525,670.666666666667
2123.668,661.333333333333
2125.809,670
2127.950,669
2130.091,670
2132.231,658
2134.370,684
2136.508,670.666666666667
2138.647,667
2140.784,661.666666666667
2142.921,668.666666666667
2145.057,678
2147.193,662
2149.328,670.666666666667
2151.463,669
2153.596,667.333333333333
2155.730,669.666666666667
2157.863,662
2159.995,663.333333333333
2162.126,669.333333333333
2164.257,671.666666666667
2166.388,661
2168.517,676.333333333333
2170.647,665
2172.775,673
2174.903,674.333333333333
2177.031,681.333333333333
2179.157,662
2181.284,674.333333333333
2183.409,680.666666666667
2185.534,676.666666666667
2187.659,678
2189.783,671
2191.906,663.333333333333
2194.029,666.333333333333
2196.151,682
2198.272,665.666666666667
2200.393,663.666666666667
2202.514,666
2204.633,669.666666666667
2206.753,675.666666666667
2208.871,675
2210.989,675
2213.107,664
2215.223,674.666666666667
2217.340,668.333333333333
2219.455,666
2221.570,660.666666666667
2223.685,655.666666666667
2225.799,674
2227.912,670
2230.025,670.666666666667
2232.137,675.666666666667
2234.249,659.333333333333
2236.360,660.333333333333
2238.470,662
2240.580,670.333333333333
2242.689,673
2244.798,665.333333333333
2246.906,661.666666666667
2249.013,668.333333333333
2251.120,667
2253.227,665.333333333333
2255.332,675
2257.438,668
2259.542,666.333333333333
2261.646,679.666666666667
2263.750,676.666666666667
2265.852,671.333333333333
2267.955,674
2270.056,657
2272.157,669.666666666667
2274.258,670
2276.358,666.666666666667
2278.457,676
2280.556,657.333333333333
2282.654,663.333333333333
2284.752,661.666666666667
2286.849,677
2288.946,670
2291.041,672.333333333333
2293.137,660.666666666667
2295.232,673.666666666667
2297.326,664
2299.419,669.333333333333
2301.512,665.666666666667
2303.605,674
2305.697,663
2307.788,660
2309.879,677.333333333333
2311.969,676
2314.058,669.333333333333
2316.147,666
2318.236,687.333333333333
2320.324,663.333333333333
2322.411,671
2324.498,669
2326.584,663.333333333333
2328.669,672.333333333333
2330.754,679.666666666667
2332.839,665.333333333333
2334.923,655.666666666667
2337.006,662
2339.089,654.666666666667
2341.171,656.333333333333
2343.252,654.333333333333
2345.333,664
2347.414,658
2349.493,656.666666666667
2351.573,658
2353.651,658.666666666667
2355.730,667.333333333333
2357.807,661.333333333333
2359.884,666
2361.961,660
2364.036,683
2366.112,653
2368.186,666
2370.261,655.666666666667
2372.334,664.666666666667
2374.407,670.666666666667
2376.480,666.333333333333
2378.551,675
2380.623,660
2382.694,670
2384.764,660.666666666667
2386.833,660.333333333333
2388.902,666
2390.971,664
2393.039,662.333333333333
2395.106,659
2397.173,669.333333333333
2399.239,671
2401.305,670.666666666667
2403.370,662.333333333333
2405.434,674.333333333333
2407.498,667.666666666667
2409.562,675
2411.624,667.333333333333
2413.687,660
2415.748,661.666666666667
2417.810,671
2419.870,671
2421.930,669
2423.990,673
2426.049,671.333333333333
2428.107,667.333333333333
2430.165,678.333333333333
2432.222,684
2434.278,673.666666666667
2436.335,685.333333333333
2438.390,665.666666666667
2440.445,668
2442.499,666
2444.553,658
2446.606,669.666666666667
2448.659,663.666666666667
2450.711,659.666666666667
2452.763,668
2454.814,666
2456.864,666
2458.914,656.666666666667
2460.964,664.666666666667
2463.013,668.666666666667
2465.061,666
2467.108,660.333333333333
2469.156,668.666666666667
2471.202,670.333333333333
2473.248,668
2475.294,656
2477.339,655.666666666667
2479.383,661.666666666667
2481.427,665
2483.470,673.333333333333
2485.513,667.333333333333
2487.555,676
2489.596,665
2491.637,668.333333333333
2493.678,664.666666666667
2495.718,657.333333333333
2497.757,661.666666666667
2499.796,654.666666666667
2501.834,665
2503.872,667
2505.909,660.666666666667
2507.945,662
2509.981,666.333333333333
2512.017,665.666666666667
2514.052,667
2516.086,681
2518.120,645.333333333333
2520.153,664.333333333333
2522.186,653.666666666667
2524.218,666
2526.250,660
2528.281,669
2530.311,659.333333333333
2532.341,669
2534.371,670.666666666667
2536.400,677.333333333333
2538.428,666.666666666667
2540.456,685
2542.483,673.333333333333
2544.509,671.666666666667
2546.536,686.333333333333
2548.561,684.333333333333
2550.586,685
2552.611,687.333333333333
2554.635,686
2556.658,688.333333333333
2558.681,684
2560.703,672
2562.725,675
2564.746,679.666666666667
2566.767,675
2568.787,681.666666666667
2570.806,678
2572.825,684.333333333333
2574.844,673.333333333333
2576.861,684.666666666667
2578.879,694
2580.896,689
2582.912,706
2584.928,688.333333333333
2586.943,701.666666666667
2588.957,685
2590.971,673.666666666667
2592.985,677.666666666667
2594.998,673.666666666667
2597.010,684
2599.022,672.333333333333
2601.034,679.333333333333
2603.045,705
2605.055,687
2607.065,690.666666666667
2609.074,690
2611.082,706.666666666667
2613.090,665.333333333333
2615.098,678.666666666667
2617.105,666.666666666667
2619.112,677.666666666667
2621.117,668.666666666667
2623.123,675.333333333333
2625.128,663.333333333333
2627.132,661
2629.136,652.666666666667
2631.139,659.666666666667
2633.142,657.666666666667
2635.144,667.666666666667
2637.146,654.666666666667
2639.147,662.666666666667
2641.147,661.666666666667
2643.147,657
2645.147,664.333333333333
2647.146,662
2649.144,656.333333333333
2651.142,661
2653.139,658.333333333333
2655.136,661.666666666667
2657.132,675
2659.128,665.666666666667
2661.123,667.333333333333
2663.118,672
2665.112,661.333333333333
2667.105,668.666666666667
2669.098,654.666666666667
2671.091,647.333333333333
2673.083,660.666666666667
2675.074,655.666666666667
2677.065,675.666666666667
2679.055,651.666666666667
2681.045,654.333333333333
2683.034,658.666666666667
2685.023,656.666666666667
2687.011,656.666666666667
2688.999,666
2690.986,658.333333333333
2692.973,662.333333333333
2694.959,657.666666666667
2696.944,673.666666666667
2698.929,655.666666666667
2700.914,661.666666666667
2702.898,673
2704.881,662
2706.864,669.666666666667
2708.846,671
2710.828,661
2712.809,662
2714.790,668.333333333333
2716.770,660.333333333333
2718.750,670
2720.729,684.666666666667
2722.708,679
2724.686,684.666666666667
2726.664,696.666666666667
2728.641,716.333333333333
2730.617,744
2732.593,791
2734.569,786.666666666667
2736.543,782.666666666667
2738.518,767
2740.492,729.666666666667
2742.465,717.333333333333
2744.438,701.333333333333
2746.410,693.666666666667
2748.382,688
2750.353,672.333333333333
2752.324,675.333333333333
2754.294,668.333333333333
2756.264,682.333333333333
2758.233,677
2760.201,675.666666666667
2762.169,670
2764.137,672.666666666667
2766.104,678.666666666667
2768.070,668.666666666667
2770.036,669.333333333333
2772.002,690.666666666667
2773.967,670.333333333333
2775.931,683.666666666667
2777.895,688.666666666667
2779.858,678.333333333333
2781.821,674.333333333333
2783.783,666.666666666667
2785.745,678
2787.706,674.666666666667
2789.667,669.333333333333
2791.627,695
2793.587,685.333333333333
2795.546,681.333333333333
2797.505,674
2799.463,673
2801.420,677.333333333333
2803.377,671.666666666667
2805.334,684.333333333333
2807.290,685.333333333333
2809.245,684.333333333333
2811.200,697
2813.155,700.333333333333
2815.109,674.666666666667
2817.062,687.333333333333
2819.015,698
2820.968,692
2822.919,688
2824.871,698
2826.822,689
2828.772,695.333333333333
2830.722,706
2832.671,713.333333333333
2834.620,709.666666666667
2836.568,715.666666666667
2838.515,713.666666666667
2840.463,754.333333333333
2842.409,737
2844.355,769.666666666667
2846.301,790.333333333333
2848.246,803.666666666667
2850.191,840
2852.135,870.666666666667
2854.078,896.666666666667
2856.021,931
2857.964,957.333333333333
2859.906,964
2861.848,985
2863.789,1016.33333333333
2865.729,974
2867.669,996
2869.608,1033.66666666667
2871.547,1017
2873.486,1020.66666666667
2875.424,989.666666666667
2877.361,995.666666666667
2879.298,960.666666666667
2881.234,949
2883.170,917.333333333333
2885.105,904.333333333333
2887.040,912
2888.974,934.666666666667
2890.908,894.333333333333
2892.841,921
2894.774,930.666666666667
2896.706,940.333333333333
2898.638,1014.33333333333
2900.569,1061.66666666667
2902.500,1107.33333333333
2904.430,1173
2906.360,1279.33333333333
2908.289,1458.33333333333
2910.218,1572.33333333333
2912.146,1680.66666666667
2914.074,1863
2916.001,1951.66666666667
2917.927,1972.33333333333
2919.854,1945.66666666667
2921.779,1871.33333333333
2923.704,1747.66666666667
2925.629,1649.33333333333
2927.553,1482.66666666667
2929.477,1398
2931.400,1284.33333333333
2933.322,1204.66666666667
2935.244,1128
2937.166,1119.66666666667
2939.087,1079.66666666667
2941.007,1035.66666666667
2942.927,995
2944.847,1013.66666666667
2946.766,1003.66666666667
2948.684,993
2950.602,981.333333333333
2952.520,976.333333333333
2954.437,949.333333333333
2956.353,917
2958.269,930.666666666667
2960.185,935
2962.100,891
2964.014,923.666666666667
2965.928,893
2967.841,909.666666666667
2969.754,913.666666666667
2971.667,944
2973.579,965
2975.490,1024
2977.401,1081.33333333333
2979.311,1101.66666666667
2981.221,1083
2983.131,1049.33333333333
2985.040,1005
2986.948,943.333333333333
2988.856,934
2990.763,896.666666666667
2992.670,906
2994.577,955
2996.482,981.333333333333
2998.388,959.666666666667
3000.293,1020
3002.197,1017.66666666667
3004.101,1027
3006.004,1011.33333333333
3007.907,985.666666666667
3009.810,975
3011.712,988
3013.613,993
3015.514,1006.33333333333
3017.414,1057
3019.314,1045.66666666667
3021.213,1119
3023.112,1176.66666666667
3025.011,1241.66666666667
3026.909,1310.33333333333
3028.806,1397
3030.703,1488.33333333333
3032.599,1489
3034.495,1574
3036.390,1541.33333333333
3038.285,1595.33333333333
3040.180,1641.66666666667
3042.074,1724
3043.967,1903.33333333333
3045.860,2083.66666666667
3047.752,2336.66666666667
3049.644,2698.33333333333
3051.536,2951.33333333333
3053.427,3009
3055.317,2891.33333333333
3057.207,2791.66666666667
3059.096,2561.66666666667
3060.985,2363
3062.874,2185.33333333333
3064.762,2032.66666666667
3066.649,1823.66666666667
3068.536,1690.66666666667
3070.423,1491.33333333333
3072.309,1361.66666666667
3074.194,1261.66666666667
3076.079,1120.66666666667
3077.963,1068.66666666667
3079.847,1011.33333333333
3081.731,970.333333333333
3083.614,915.666666666667
3085.496,898
3087.378,866.666666666667
3089.260,839
3091.141,835.666666666667
3093.022,797.666666666667
3094.902,797.666666666667
3096.781,807
3098.660,784.333333333333
3100.539,783.333333333333
3102.417,777.666666666667
3104.294,769
3106.172,752.333333333333
3108.048,755.333333333333
3109.924,753.333333333333
3111.800,723.666666666667
3113.675,728.666666666667
3115.550,724.666666666667
3117.424,711.333333333333
3119.298,725.666666666667
3121.171,706
3123.043,706
3124.916,689.333333333333
3126.787,693
3128.659,709.666666666667
3130.529,681.666666666667
3132.400,683.666666666667
3134.269,691.333333333333
3136.139,683.333333333333
3138.007,684
3139.876,680.333333333333
3141.743,686
3143.611,679
3145.478,682.666666666667
3147.344,681.666666666667
3149.210,683.666666666667
3151.075,679.666666666667
3152.940,686
3154.805,681
3156.668,682.333333333333
3158.532,669.333333333333
3160.395,704
3162.257,717
3164.119,712.666666666667
3165.981,726.333333333333

